# rotorS sim   
mass: 0.745319                                                               
thrust_coefficient: [8.54858e-06, 8.54858e-06, 8.54858e-06, 8.54858e-06]